#Energy conversion, J/mol to eV
#
R_eV=5.189e19;
R_J=8.3144621;
Na=6.022141e23;

k = 1.38e-23*6.24e18;
